Webots Project File version R2018b
perspectives: 000000ff00000000fd00000003000000000000000000000000fc0100000001fb0000001a0044006f00630075006d0065006e0074006100740069006f006e0000000000ffffffff0000006900ffffff000000010000030b00000354fc0200000001fb0000001400540065007800740045006400690074006f00720100000017000003540000008700ffffff000000030000078000000080fc0100000001fb0000000e0043006f006e0073006f006c00650100000000000007800000006900ffffff000004730000035400000001000000020000000100000008fc00000000
simulationViewPerspectives: 000000ff000000010000000200000100000005620100000002010000000100
sceneTreePerspectives: 000000ff0000000100000002000000c0000000fa0100000002010000000200
maximizedDockId: -1
centralWidgetVisible: 1
selectionDisabled: 0
viewpointLocked: 0
orthographicViewHeight: 1
textFiles: 0 "controllers/unirobot/UniRobot.cpp"
globalOptionalRendering: ConnectorAxes
renderingDevicePerspectives: ROBOTIS OP2:Display;1;2.41875;0.501703;0
renderingDevicePerspectives: ROBOTIS OP2:Camera;1;1;0.0249716;0
